[
    [
        3.6067737911108395,
        50.74660835781495
    ],
    [
        3.6068162168704987,
        50.746696409128816
    ],
    [
        3.607018163390876,
        50.74681452647735
    ],
    [
        3.607298173272312,
        50.746909020141715
    ],
    [
        3.6082608682952184,
        50.747199727333
    ],
    [
        3.608884706959117,
        50.74729775353774
    ],
    [
        3.6097246164581804,
        50.74731859454832
    ],
    [
        3.6093568129525693,
        50.748065391308984
    ],
    [
        3.6092470208612326,
        50.7481001257521
    ],
    [
        3.6089835198417006,
        50.74806191786334
    ],
    [
        3.6061369158911134,
        50.74731512104657
    ],
    [
        3.6091287503836043,
        50.748100125751364
    ],
    [
        3.609364803379435,
        50.74807581164413
    ],
    [
        3.6097271172815795,
        50.747329015049104
    ],
    [
        3.6104749844124626,
        50.74732554154957
    ],
    [
        3.6108043606865294,
        50.74732554154957
    ],
    [
        3.6112051018202465,
        50.7473602765416
    ],
    [
        3.612006584087709,
        50.747492269276506
    ],
    [
        3.612407325221483,
        50.74756521247011
    ],
    [
        3.6128419946932127,
        50.747621093059394
    ],
    [
        3.6133263648761442,
        50.74765610283907
    ],
    [
        3.6144746104637875,
        50.74773013982772
    ],
    [
        3.61484818554905,
        50.7477584459202
    ],
    [
        3.6149777164015404,
        50.747817353759956
    ],
    [
        3.6151173668530987,
        50.74778533863855
    ],
    [
        3.6157994277498915,
        50.7478365628221
    ],
    [
        3.615611203228724,
        50.74782631798985
    ],
    [
        3.6157522277009093,
        50.74791616936267
    ],
    [
        3.6160861744317856,
        50.74804935175035
    ],
    [
        3.6166285848769064,
        50.748295225932
    ],
    [
        3.6172276650721926,
        50.748619214417886
    ],
    [
        3.617491219884414,
        50.74877406931384
    ],
    [
        3.617543841793548,
        50.748835537028356
    ],
    [
        3.617485148124871,
        50.74899176710733
    ],
    [
        3.617309067122818,
        50.749240197470414
    ],
    [
        3.617539793953881,
        50.74887267373387
    ],
    [
        3.617491219884414,
        50.74876510526505
    ],
    [
        3.616914402804696,
        50.74844752072502
    ],
    [
        3.6162628716170957,
        50.74812393515151
    ],
    [
        3.6157751069996493,
        50.747917758738566
    ],
    [
        3.6155828346389285,
        50.74782043291134
    ],
    [
        3.615071689258116,
        50.74778969839733
    ],
    [
        3.6149806128773605,
        50.74782299411939
    ],
    [
        3.614853105944775,
        50.74775768325736
    ],
    [
        3.6143147433379568,
        50.74771542323904
    ],
    [
        3.6142693063454487,
        50.74770902020387
    ],
    [
        3.614433243832053,
        50.74682107136303
    ],
    [
        3.614491937499423,
        50.74675063656855
    ],
    [
        3.61458908563975,
        50.746695569292086
    ],
    [
        3.6147287360900577,
        50.7467134981801
    ],
    [
        3.6152610269386116,
        50.74700548195801
    ],
    [
        3.616210481359218,
        50.747529783210354
    ],
    [
        3.6171737434034696,
        50.748035541220986
    ],
    [
        3.6176291253088095,
        50.74816872326906
    ],
    [
        3.6189115212406477,
        50.74852298424966
    ],
    [
        3.619280376093542,
        50.748654717854464
    ],
    [
        3.619590035787752,
        50.74878917871911
    ],
    [
        3.6200474416116037,
        50.74897358156181
    ],
    [
        3.6210168271368275,
        50.74941108436289
    ],
    [
        3.6214863764784013,
        50.74960572920145
    ],
    [
        3.621839323330164,
        50.74973396954459
    ],
    [
        3.622112552472572,
        50.749800558199894
    ],
    [
        3.6224404274439905,
        50.74986202456702
    ],
    [
        3.623059746833718,
        50.74990684374254
    ],
    [
        3.623548487448943,
        50.749904282648885
    ],
    [
        3.6238682667423348,
        50.74985818292302
    ],
    [
        3.6242993616122305,
        50.74975061671864
    ],
    [
        3.624513897087297,
        50.74972116402432
    ],
    [
        3.6246829213691,
        50.74966610024359
    ],
    [
        3.62483471533713,
        50.74966097802812
    ],
    [
        3.6249318634774284,
        50.74969939463156
    ],
    [
        3.625029011616391,
        50.74964176971463
    ],
    [
        3.625263786287178,
        50.74958158361417
    ],
    [
        3.6256584506053002,
        50.74941895270146
    ],
    [
        3.6265599066470884,
        50.749074480634334
    ],
    [
        3.6274504964857783,
        50.74872465890442
    ],
    [
        3.6281770836136786,
        50.74836225347909
    ],
    [
        3.6282651556089434,
        50.748302101306024
    ],
    [
        3.6281700313898,
        50.748257280594146
    ],
    [
        3.6278421564183816,
        50.74789743275511
    ],
    [
        3.627495330821347,
        50.747592715314994
    ],
    [
        3.6274337631861613,
        50.747632414224086
    ],
    [
        3.62663026711499,
        50.747956407296954
    ],
    [
        3.6264602578710594,
        50.747956407296954
    ],
    [
        3.6265290711363036,
        50.747917989263215
    ],
    [
        3.627443882783979,
        50.74753508780361
    ],
    [
        3.627413523990384,
        50.74747361838121
    ],
    [
        3.62627818606839,
        50.74645487047695
    ],
    [
        3.626048104644468,
        50.74625652569762
    ],
    [
        3.6256170097758798,
        50.745847997490955
    ],
    [
        3.62606024816219,
        50.746255245050776
    ],
    [
        3.625291158724309,
        50.74657412510106
    ],
    [
        3.625187938825775,
        50.746592054035176
    ],
    [
        3.625260799930686,
        50.74673036272634
    ],
    [
        3.6257387597834736,
        50.747198964334956
    ],
    [
        3.6258379318435914,
        50.747337271233164
    ],
    [
        3.6259229364648604,
        50.747369286660586
    ],
    [
        3.625945199580457,
        50.74743459806484
    ],
    [
        3.6259006733506283,
        50.74749094508559
    ],
    [
        3.626067028300554,
        50.74753090020624
    ],
    [
        3.626465740457064,
        50.74790995989457
    ],
    [
        3.626433357744901,
        50.747968867543676
    ],
    [
        3.626214774430224,
        50.74805979007394
    ],
    [
        3.6260184542310867,
        50.74807771843916
    ],
    [
        3.624518435235302,
        50.747973989943546
    ],
    [
        3.6237750360843393,
        50.74792404651319
    ],
    [
        3.623708246736385,
        50.748734048405424
    ],
    [
        3.6237892035192942,
        50.74885314213154
    ],
    [
        3.623704198898025,
        50.748730206667204
    ],
    [
        3.623764916485186,
        50.747922154070665
    ],
    [
        3.6235009591448772,
        50.747905844896025
    ],
    [
        3.6229099746289535,
        50.747831569922425
    ],
    [
        3.6226023388546196,
        50.748555105599905
    ],
    [
        3.622610434529605,
        50.74866262332873
    ],
    [
        3.622642817243019,
        50.74870872423233
    ],
    [
        3.62260233885155,
        50.74861524179738
    ],
    [
        3.6227581806578826,
        50.74817215812806
    ],
    [
        3.6229059267875243,
        50.74783279930273
    ],
    [
        3.622535385346964,
        50.74777190085524
    ],
    [
        3.622448356805819,
        50.74773348267004
    ],
    [
        3.622476691679651,
        50.74771043174377
    ],
    [
        3.6225697919802258,
        50.74747479940217
    ],
    [
        3.622703370672326,
        50.747444064661266
    ],
    [
        3.6234299578002265,
        50.747185379794615
    ],
    [
        3.62350545225911,
        50.74722010028228
    ],
    [
        3.625067918171567,
        50.747407070537236
    ],
    [
        3.6254272516060553,
        50.74745061144844
    ],
    [
        3.625666074116481,
        50.747463417591035
    ],
    [
        3.625767270095139,
        50.74750823906257
    ],
    [
        3.6258927531092127,
        50.747492871705816
    ],
    [
        3.625951446776611,
        50.747427560382846
    ],
    [
        3.625912992304933,
        50.74736609081927
    ],
    [
        3.6258300116021758,
        50.74732895291905
    ],
    [
        3.625720719945491,
        50.74717015604688
    ],
    [
        3.6252698918604267,
        50.746730556255926
    ],
    [
        3.6251869111576696,
        50.746596089479084
    ],
    [
        3.6249824952805056,
        50.7465858443754
    ],
    [
        3.6243703495629234,
        50.7465102866677
    ],
    [
        3.624242842630366,
        50.74654102202163
    ],
    [
        3.624129503133986,
        50.74664091178175
    ],
    [
        3.623951398212057,
        50.74698668238241
    ],
    [
        3.6233528509835367,
        50.74721463345722
    ],
    [
        3.6226907414418292,
        50.747446146377854
    ],
    [
        3.622559186669548,
        50.747479442344684
    ],
    [
        3.622464062449069,
        50.74773684498018
    ],
    [
        3.62225155089385,
        50.74772916133978
    ],
    [
        3.6220815416486687,
        50.74760366170352
    ],
    [
        3.622028919740842,
        50.74751273828741
    ],
    [
        3.622065350292644,
        50.74741413100301
    ],
    [
        3.622134163557803,
        50.747375712524246
    ],
    [
        3.6218676898095055,
        50.74695568693102
    ],
    [
        3.6219688857894994,
        50.74690318115452
    ],
    [
        3.6222623541275993,
        50.747361644238765
    ],
    [
        3.6225254636721615,
        50.747423113808196
    ],
    [
        3.622565942063602,
        50.747492266977076
    ],
    [
        3.6224586743254577,
        50.747738144084536
    ],
    [
        3.6222056843787698,
        50.74770997073159
    ],
    [
        3.6220599621702547,
        50.74757678737848
    ],
    [
        3.62202960337666,
        50.74751019556001
    ],
    [
        3.622136871113497,
        50.74736804732268
    ],
    [
        3.6218697137292963,
        50.746958248186814
    ],
    [
        3.622211495286308,
        50.74677186238668
    ],
    [
        3.622393648049183,
        50.746641237638386
    ],
    [
        3.622762001410763,
        50.74627369349852
    ],
    [
        3.6230999959889516,
        50.74594093621175
    ],
    [
        3.6234238231206746,
        50.74571682092264
    ],
    [
        3.624153140299512,
        50.74509906114196
    ],
    [
        3.6245720916517428,
        50.74485060880352
    ],
    [
        3.6249065758635766,
        50.74470752897486
    ],
    [
        3.6243216631058317,
        50.74446675873591
    ],
    [
        3.623737723769551,
        50.74423148105686
    ],
    [
        3.623031706722827,
        50.74491393155034
    ],
    [
        3.6226146533599604,
        50.7453169183288
    ],
    [
        3.6218334204043856,
        50.74518757019729
    ],
    [
        3.620894528614542,
        50.745028766062006
    ],
    [
        3.62021044379793,
        50.7449711353959
    ],
    [
        3.61906764210903,
        50.74496857403142
    ],
    [
        3.6184888011108,
        50.74493783764521
    ],
    [
        3.618132739689486,
        50.74488532960575
    ],
    [
        3.6180436872285213,
        50.74511969430216
    ],
    [
        3.6175822335676173,
        50.7458022908188
    ],

    [
        3.617577899706191,
        50.745800132235644
    ],
    [
        3.617585943979009,
        50.745859941182005
    ],
    [
        3.6176683980126256,
        50.745904479702176
    ],
    [
        3.6185150601615135,
        50.74611385118405
    ],
    [
        3.617632198682287,
        50.745888896882036
    ],
    [
        3.617575888609963,
        50.74583545063456
    ],
    [
        3.6176080657939167,
        50.745734920623676
    ],
    [
        3.6180424577752035,
        50.745118630175284
    ],

    [
        3.6180502088112974,
        50.74512329336386
    ],
    [
        3.6180642863297408,
        50.74522000704707
    ],
    [
        3.618144729289128,
        50.74529890490362
    ],
    [
        3.618554988381618,
        50.74546433546169
    ],
    [
        3.619537516458138,
        50.74578755963594
    ],
    [
        3.6207216837572958,
        50.74617730337667
    ],
    [
        3.621782612437869,
        50.745770094844374
    ],
    [
        3.622280766645275,
        50.74556648924997
    ],
    [
        3.622606560631226,
        50.74531707119047
    ],
    [
        3.622266689126519,
        50.74558450555668
    ],
    [
        3.620722184304583,
        50.74617623163488
    ],
    [
        3.620943402442407,
        50.7464060908099
    ],



    [
        3.620924071487508,
        50.74639892215953
    ],
    [
        3.6202644392199375,
        50.74654653367912
    ],
    [
        3.6194117438495823,
        50.7466839646755
    ],
    [
        3.6187842887660224,
        50.74673486494214
    ],
    [
        3.617883327620291,
        50.74675522503344
    ],
    [
        3.617030632249964,
        50.746724684893536
    ],
    [
        3.615867847152174,
        50.746561803808845
    ],
    [
        3.6162378847663206,
        50.74590518369422
    ],
    [
        3.616873384145549,
        50.74489224003102
    ],
    [
        3.6170423143600203,
        50.74464790863061
    ],
    [
        3.6181041614257765,
        50.74489224003102
    ],
    [
        3.618044973288903,
        50.74512638976003
    ],
    [
        3.618077150471521,
        50.745248554371216
    ],
    [
        3.6183023907583163,
        50.7453656284913
    ],
    [
        3.618777004218799,
        50.74553869404531
    ],
    [
        3.619581433813778,
        50.745803381302125
    ],
    [
        3.6207258405943605,
        50.7461799390137
    ],
    [
        3.620955655892544,
        50.74641204449662
    ],
    [
        3.62112708812802,
        50.74666604159586
    ],
    [
        3.6214235775848636,
        50.74714206508301
    ],
    [
        3.6207161662013903,
        50.74751977269392
    ],
    [
        3.6203851729088328,
        50.747728307128696
    ],
    [
        3.6202157028771325,
        50.74783415165944
    ],
    [
        3.6200273291455396,
        50.74795275378523
    ],
    [
        3.619881499734212,
        50.748075377696786
    ],
    [
        3.619738223505581,
        50.74821900283986
    ],
    [
        3.6196967767155233,
        50.74835601383498
    ],
    [
        3.6195806917423354,
        50.7487786595197
    ],
    [
        3.619682221887661,
        50.74834568136473
    ],
    [
        3.6197227742246216,
        50.74822612077023
    ],
    [
        3.6198719861858324,
        50.748067796415704
    ],
    [
        3.620016091778524,
        50.74794501260966
    ],
    [
        3.6206845337589044,
        50.7475327037694
    ],
    [
        3.6204180405914883,
        50.747432193023116
    ],
    [
        3.6195573009254645,
        50.747192964851564
    ],
    [
        3.6189861559142003,
        50.74704026537984
    ],
    [
        3.618841358586849,
        50.746918105443655
    ],
    [
        3.6188091814028382,
        50.746739954965676
    ],
    [
        3.6178668368284264,
        50.74676031505476
    ],
    [
        3.6170945844174867,
        50.74672977491778
    ],
    [
        3.61609709171978,
        50.74660761417152
    ],
    [
        3.615670744035924,
        50.74653635358888
    ],
    [
        3.614946757400304,
        50.74633784139425
    ],
    [
        3.6141905935819807,
        50.74604261657413
    ],
    [
        3.6131689679968417,
        50.745630316726505
    ],
    [
        3.611974157658466,
        50.745151840746956
    ],
    [
        3.611527466845871,
        50.744973683548096
    ],
    [
        3.610875878873941,
        50.74473953305545
    ],
    [
        3.610714992955195,
        50.7446835403731
    ],
    [
        3.611536333464869,
        50.74497204902306
    ],
    [
        3.612067256997733,
        50.74501786094075
    ],
    [
        3.6140220209121594,
        50.74458519104326
    ],
    [
        3.615769512401272,
        50.74412987264196
    ],
    [
        3.6160089620106532,
        50.74432049689966
    ],
    [
        3.617054720482429,
        50.74463100333941
    ],
    [
        3.615968740530974,
        50.74429504546086
    ],
    [
        3.615766073630809,
        50.744133309011474
    ],
    [
        3.616218532512502,
        50.74409799307237
    ],
    [
        3.6166615222997303,
        50.74407189103297
    ],
    [
        3.6175461607703614,
        50.744027324644236
    ],
    [
        3.619304708874086,
        50.74394413231617
    ],
    [
        3.6210426374956395,
        50.74387865521072
    ],
    [
        3.621983609366011,
        50.743851149244236
    ],
    [
        3.622681557986556,
        50.74383990638374
    ],
    [
        3.6227582740492235,
        50.74383449127836
    ],
    [
        3.623331561306464,
        50.744073221771444
    ],
    [
        3.6237365101246652,
        50.74423637911223
    ],
    [
        3.6237394239332263,
        50.744229762240835
    ],
    [
        3.6233578891489335,
        50.74407127976603
    ],
    [
        3.6227517837975305,
        50.74382556905263
    ],
    [
        3.6226803155606033,
        50.7438319655664
    ],
    [
        3.621983732974924,
        50.74384063207981
    ],
    [
        3.621041054797165,
        50.743869489876815
    ],
    [
        3.6193048962374395,
        50.743933439365904
    ],
    [
        3.6175689053150384,
        50.74401690741389
    ],
    [
        3.6167010774920434,
        50.744060338709005
    ],
    [
        3.6162678341333114,
        50.744085236727244
    ],
    [
        3.6160139129840787,
        50.74410240624496
    ],
    [
        3.615763679873435,
        50.74412700128272
    ],
    [
        3.6157596609112375,
        50.744120976073646
    ],
    [
        3.6156308801008095,
        50.74306317928179
    ],
    [
        3.616636417094213,
        50.74310390264853
    ],
    [
        3.6168053473107022,
        50.74318534927619
    ],
    [
        3.617987858814189,
        50.74323116294201
    ],
    [
        3.6167973030149483,
        50.74318534927619
    ],
    [
        3.616660549983294,
        50.74310390264853
    ],
    [
        3.6156389243985245,
        50.74307845054841
    ],
    [
        3.615687190173901,
        50.742350514628214
    ],
    [
        3.615518259961277,
        50.74220346114865
    ],
    [
        3.616740992944443,
        50.74159259518015
    ],
    [
        3.6169099231601365,
        50.741719859580684
    ],
    [
        3.61711103055859,
        50.741760584115724
    ],
    [
        3.6175373782437816,
        50.741735131285424
    ],
    [
        3.618084390367983,
        50.741511145782056
    ],
    [
        3.6198671672365776,
        50.74144496804209
    ],
    [
        3.620969235780649,
        50.7412617061197
    ],
    [
        3.621119923322482,
        50.74125661550062
    ],
    [
        3.6217312898156138,
        50.74103706788077
    ],
    [
        3.621908264325725,
        50.74081816970562
    ],
    [
        3.621176233394408,
        50.740370188855366
    ],
    [
        3.62072575282221,
        50.740074926406294
    ],
    [
        3.6204281138717533,
        50.73970839112121
    ],
    [
        3.6153296748565538,
        50.742279168380065
    ],
    [
        3.6117061843209797,
        50.744096393676756
    ],
    [
        3.6106711337017146,
        50.74465071957951
    ],
    [
        3.606776018986551,
        50.746611754224034
    ]
]